common (NVDI/alt) palette
VDI palette: RGB, 0-1000 and 2 bytes per channel

no# |    .gpl     |    algorithm   |     actual
  0 : 255 255 255 : 1000 1000 1000 : 1000 1000 1000 
  1 :   0   0   0 :    0    0    0 :    0    0    0 
  2 : 242   0   0 :  949    0    0 :  949    0    0 
  3 :   0 230   0 :    0  902    0 :    0  902    0 
  4 :   0   0 242 :    0    0  949 :    0    0  949 
  5 :  26 203 187 :  102  796  733 :  102  796  733 
  6 : 255 255   0 : 1000 1000    0 : 1000 1000    0 
  7 : 230  51 153 :  902  200  600 :  902  200  600
  8 : 217 217 217 :  851  851  851 :  851  851  851
  9 : 128 128 128 :  502  502  502 :  502  502  502 
 10 : 128   0   0 :  502    0    0 :  502    0    0 
 11 :   0 128   0 :    0  502    0 :    0  502    0 
 12 :   0   0 128 :    0    0  502 :    0    0  502 
 13 :   0 128 128 :    0  502  502 :    0  502  502 
 14 : 182 162  57 :  713  635  224 :  714  635  224 
 15 : 128   0 128 :  502    0  502 :  502    0  502 
